# Auto-generated Pure Land Railways (From Capital to nodes & Naval Bases)
1 5 17118 6490 17114 17107 17104
1 5 17118 17122 17123 17117 17115
1 6 4984 2519 4566 3402 7019 4442
1 12 4984 2519 4566 3402 7058 7068 386 7069 7067 1923 7075 7060
1 4 4092 17143 2300 6257
1 3 4092 4358 6128
1 5 3565 7415 3578 4760 7471
1 5 1582 3584 2933 1433 5100
1 7 1582 7081 7091 2848 7132 7153 7169
1 6 1582 3584 2933 3022 2763 6941
1 8 4084 5629 5665 5694 1249 4592 23 5914
1 13 4084 5629 1003 4619 1135 5857 5183 4156 5991 3279 6109 3270 5143
1 5 4084 5584 5572 3942 5487
1 8 17758 17749 17743 17741 1760 527 7121 101
1 7 17758 17749 17743 17741 1760 6878 615
1 8 17758 17749 17743 17741 1760 2677 3575 4818
1 3 17758 17761 17764
1 7 17758 17756 17753 17755 6799 1801 1414
1 12 17758 17749 17743 17741 1760 2677 4362 392 1217 2182 1201 17562
1 22 6180 2517 2447 17768 2056 17823 17767 17810 17759 17754 4181 4676 7021 7064 1786 2449 5152 4481 915 2663 4243 1542
1 5 6180 2517 1875 17850 17849
1 19 6180 2517 2447 17768 2056 17823 17767 17810 17759 17754 4181 4676 7021 7064 1786 2449 5152 4481 915
1 13 6180 2517 1875 6552 6609 17834 17827 17820 17816 17804 17799 17796 17790
1 19 6180 2517 2447 17768 2056 17823 17767 17810 17759 17754 4181 4676 7021 7064 1786 2449 5152 1223 2273
1 6 6180 2517 2447 17768 2056 6570
1 7 6883 4209 1609 6781 6801 5176 6815
1 3 6883 1743 6833
1 5 4776 17161 17155 1467 17154
1 5 4776 17166 17169 7290 17172
1 10 1818 6549 427 6515 3477 2176 1204 3121 4840 6526
1 7 1818 17404 17405 17407 1497 1156 4942
1 4 1818 17403 1675 6481
1 7 2646 3429 5194 406 2149 7481 7489
1 5 2646 3429 5194 7410 7409
1 10 2113 8456 3076 8470 3021 8505 563 3355 2474 769
1 6 2113 1311 2901 3868 1300 8551
1 8 5764 5818 3881 2479 4316 5795 2622 4410
1 7 5764 1028 5765 780 3155 1537 5609
1 5 5764 17353 17350 17354 5771
1 16 1876 4862 6362 17310 4306 1192 2793 6702 4880 4504 4612 2802 17500 17493 17488 5009
1 22 1876 4862 6362 17310 4306 1192 2793 6632 6722 6798 1129 544 17499 17484 1113 122 1440 17286 2396 17283 17856 7403
1 23 1876 4862 6362 17310 4306 1192 2793 6632 6722 6798 1129 544 17499 4347 163 3408 355 7085 17901 17931 17933 7044 7083
1 19 1876 4862 6362 17310 4306 1192 2793 6632 6722 6798 1129 544 17499 17484 1113 122 1440 17286 1513
1 6 1876 5159 3486 590 6427 2775
1 12 1876 5159 6400 2365 3505 2221 2965 17304 17302 6792 4710 6856
1 20 1876 4862 6362 17310 4306 1192 2793 6632 6722 6798 1129 544 17499 17484 1113 17480 17865 17861 17860 17859
1 16 1876 17321 17323 17325 1688 6158 6152 3180 17341 1569 5954 2451 5951 4447 4834 17348
1 22 1876 3199 2334 6347 1045 1329 6448 2803 1930 6558 17308 6513 2613 1422 3016 4713 4766 1197 3938 3709 80 6502
1 16 1876 3199 2334 6347 1045 1329 6448 2803 1930 6558 6604 1937 3457 2394 4224 6688
1 18 1876 4862 6362 17310 4306 1192 2793 6702 4880 4504 4612 2802 17500 17493 17487 7045 17288 2936
1 15 1876 5159 6400 2365 3505 1252 6667 2558 1882 3137 17299 603 2598 4538 7024
1 7 1876 5159 6400 2365 3505 2221 2965
1 23 1876 4862 6362 17310 4306 1192 2793 6632 6722 6798 1129 544 17499 4347 163 3408 899 1719 777 17890 17885 17882 17884
1 3 1876 5159 3486
1 15 1876 4862 6362 17310 4306 1192 2793 6702 4880 4504 4612 229 17506 17495 2811
1 18 1876 4862 6362 17310 4306 1192 2793 6632 6722 6798 1129 544 17499 17484 1113 17480 17865 2340
1 18 1876 4862 6362 17310 4306 1192 2793 6702 4880 4504 4612 2802 17500 17493 17487 7147 2427 7189
1 14 1876 4862 6362 17310 4306 1192 2793 6632 6722 6798 1129 544 17499 17932
1 12 1876 5159 6400 2365 3505 2221 2965 6689 4014 4103 1974 6818
1 13 1876 3199 2334 6347 1045 1329 6448 2803 1930 6558 6604 1937 3457
1 16 1506 4600 1185 4190 2867 2620 841 6874 6844 3965 1941 1108 1577 335 1387 6615
1 13 1506 2504 3353 3767 1612 1210 904 1693 3187 5047 1635 3131 6426
1 13 1506 4600 1185 4190 2867 2620 841 6874 6844 3965 4615 1395 6587
1 28 1506 4600 1185 4190 2867 2620 841 6874 6844 3965 1941 1108 1577 335 3637 1316 2842 1106 3741 4720 4338 6759 1476 3462 4063 4626 6756 6784
1 13 1506 4600 1185 4190 4229 1332 6822 1347 6713 2408 6616 4008 4709
1 16 1506 2504 3353 3767 1612 1210 904 1693 3187 5047 1635 172 425 242 6884 4989
1 16 2220 6563 2180 2538 3106 182 1056 222 17459 2904 17464 17462 2752 2536 4586 17466
1 10 2220 6563 2180 2538 3106 182 3989 1564 3450 7037
1 6 2220 4960 6641 4357 5209 3490
1 13 2220 4960 3967 1055 1887 1492 4673 2246 6862 1778 4559 6970 4275
1 9 2220 4232 2724 4109 3595 1208 4489 4034 17473
1 2 2220 6563
1 8 2220 6563 2180 2538 3106 182 1021 93
1 11 2220 6563 552 1171 135 2550 6665 771 17463 3764 6545
1 8 7623 4340 2490 1499 3510 2310 4351 7559
1 4 7623 279 7577 4099
1 8 7122 4126 7123 3010 2181 7120 7115 2083
1 8 2885 1628 1668 642 2004 396 7521 4590
1 5 2546 3442 3356 3170 4654
1 5 2546 2380 284 4655 7345
1 4 2546 3442 3356 3170
1 17 329 4682 3260 7446 1740 7482 7502 7493 7466 2548 1988 3248 1848 312 4074 3713 7350
1 9 329 4682 3260 7446 1740 7482 7502 7493 7466
1 12 329 4682 3260 7446 1740 7482 7502 3042 1066 4500 7505 7527
1 13 329 4682 3260 7446 1740 7482 7502 3042 1066 4500 767 5079 7453
1 10 329 4682 3260 7446 1740 7482 7502 7493 1697 7442
1 13 329 4682 3260 7446 1740 7482 7502 7493 7466 2548 7412 3351 4381
1 11 17671 17667 17670 17672 17674 17677 2157 1928 1528 212 17600
1 7 17671 17668 17673 3918 3209 86 6518
1 18 17671 17667 17670 17672 17674 17677 2157 1928 230 263 2684 773 1438 3403 837 1394 2203 6172
1 27 17671 17667 17670 17672 17674 17677 2157 1928 230 263 2684 773 1438 3403 837 1394 358 5965 1498 4467 532 1029 2306 2995 17617 17618 2391
1 26 17671 17667 17670 17672 17674 17677 2157 1928 230 263 2684 773 1438 3403 837 1394 358 5965 1498 4467 532 1029 1586 6143 2733 17607
1 8 5301 1009 2436 2205 4923 1483 4843 1578
1 6 5301 1009 2436 2019 4468 4666
1 5 5301 1009 2436 2205 4923
1 32 5301 1009 2436 2205 4923 1483 4843 1578 5366 2118 3705 4222 2673 5395 4364 5448 1051 1098 1753 2791 1057 1714 2007 1120 256 609 99 5312 2186 1304 809 830
1 9 5301 1009 2436 1922 4662 218 4736 4873 3732
1 15 5301 1009 2436 2205 4923 1483 4843 1578 5379 2838 962 5431 5447 2609 5443
1 5 920 3375 3804 6292 6316
1 11 920 3375 6301 6335 4088 5173 6452 5126 2309 6404 2066
1 5 920 3136 3233 3838 6468
1 3 920 3375 6168
1 14 920 3375 6301 6335 4088 5173 6452 6463 4012 6429 17132 17134 6407 6453
1 9 920 3375 6301 6335 4088 5173 2710 4990 2562
1 8 920 3375 6301 1585 4042 2932 3194 6567
1 5 6951 4251 6960 6935 6904
1 7 6951 4251 6960 566 2899 7013 3287
1 13 6951 175 1739 6852 3359 1602 183 3890 6865 1180 3052 5039 3448
1 15 6951 175 1739 6852 3359 334 1695 1487 17587 2081 6614 3275 3216 2630 6528
1 14 6951 175 1739 6852 3359 334 1695 1487 6576 2110 1193 3949 3130 6296
1 5 6951 17557 408 3791 4769
1 6 3953 6039 100 3333 2415 4800
1 5 3953 6039 100 3333 2398
1 5 4849 3607 5651 3760 3517
1 7 4849 2342 2448 5769 17432 1085 985
1 2 4849 3607
1 9 4849 5693 4157 5642 2854 5635 945 1661 4495
1 5 4849 5791 5845 5876 4910
1 6 4849 5693 4157 5642 2854 5036
1 5 4849 5791 5845 2033 1854
1 5 4849 3607 5651 3760 5544
1 12 4849 5791 5845 5876 4910 1958 2532 3771 3268 5700 5691 761
1 8 530 5861 5852 5812 5778 3320 5792 4024
1 6 530 5923 5952 428 6027 6072
1 5 4170 1726 3591 6121 3956
1 3 4170 6198 6201
1 10 4170 1726 3591 1867 192 1916 3182 3383 4491 4208
1 4 4170 1726 3591 6173
1 8 5942 103 1588 4606 1841 5943 5935 1439
1 7 5942 103 1588 4606 1841 1823 2256
1 8 5942 103 1588 4606 1841 5943 515 6064
1 12 5942 103 1588 4606 1841 5943 5935 1439 4567 217 3435 6130
1 14 5942 1966 1836 5854 3653 3581 2345 10 1400 982 5446 573 1574 2166
1 8 445 6312 4509 6179 4877 6095 1553 6057
1 6 445 1965 2476 4356 6300 4175
1 6 539 1059 6288 2459 3299 6205
1 2 539 4641
1 9 2985 4695 2090 2868 2726 3751 4020 1502 4988
1 8 17726 3229 7116 114 7156 4091 4315 7286
1 9 17726 3229 7116 7107 17528 227 627 17520 1625
1 8 17726 17728 17733 4729 7016 2790 1891 7072
1 9 17726 17731 7042 2227 17539 2248 407 1230 17643
1 5 17726 1002 4639 2566 17723
1 5 17726 17728 17727 3212 7131
1 5 17726 3229 7116 2906 17534
1 3 17726 1002 7124
1 2 17726 3229
1 4 17726 1002 4639 2566
1 8 17726 17731 7042 17540 6977 17555 17560 6859
1 4 17726 17728 17733 4729
1 10 17726 3229 7116 7107 17528 227 627 1043 17516 3621
1 15 7273 5132 7243 7241 3620 464 4711 1874 687 2229 7130 1310 7165 1190 7183
1 6 7273 5132 7243 7218 3455 7211
1 10 2493 770 188 3289 4045 7324 2750 7375 2477 4477
1 9 2493 770 188 3289 7259 1645 7253 3027 7272
1 4 871 975 7320 18059
1 6 18272 4936 2608 1442 7742 4139
1 6 18272 18302 336 2381 18303 18273
1 7 2725 1184 5066 5165 1265 8028 8030
1 5 2725 7947 7937 7971 4986
1 18 706 2231 3913 2981 1167 442 1018 4305 1832 1095 693 776 127 461 1910 117 1983 57
1 32 706 2231 3913 2981 1167 442 1018 4305 1832 1095 693 776 127 461 1910 117 1983 1302 2109 160 908 648 4513 1033 4574 1124 1996 1929 2978 1428 119 3530
1 6 706 1227 4385 1493 14 8731
1 8 706 2231 3913 2981 1167 442 3762 8504
1 12 8260 8258 1092 3506 1721 1276 8218 3028 1532 8237 341 8246
1 14 8260 8258 1092 3506 8244 3576 1805 4359 2728 1886 3752 3512 519 8159
1 4 8260 8258 1092 3932
1 9 8260 8258 1092 3506 1721 1276 3196 8202 8195
1 8 8260 8268 3392 1126 4835 3544 8289 5154
1 7 8260 8258 1092 3506 8244 4238 1250
1 13 8260 8258 1092 3506 8244 3576 1805 4359 8214 3208 4602 274 8182
1 7 18208 18209 339 18229 18241 18248 18263
1 8 18208 18209 18211 18220 18228 18230 1268 18262
1 9 18208 18209 339 18233 18260 18251 1589 1406 18264
1 4 18259 17980 17979 17977
1 7 18259 17980 18266 18222 18215 18214 18210
1 5 18259 17980 17979 195 1356
1 3 18286 18285 17981
1 6 5781 2297 5798 896 40 5714
1 5 5781 5848 2914 4177 1755
1 7 484 5997 213 1575 2714 3278 5813
1 6 484 2685 1093 1914 456 268
1 5 484 753 3245 6099 68
1 2 2931 6376
1 4 2931 17093 6334 2894
1 3 2931 6376 3685
1 13 5347 1765 2487 187 272 2378 5334 1063 2062 2494 1570 1073 276
1 5 17205 17203 17201 17202 1254
1 3 17205 17203 17200
1 5 17205 17203 17201 17202 4664
1 2 458 18020
1 13 193 1495 7752 4912 740 2044 4758 7796 65 1183 4291 4856 614
1 5 17118 6490 17114 17107 17104 
1 5 17118 17122 17123 17117 17115 
1 6 4984 2519 4566 3402 7019 4442 
1 12 4984 2519 4566 3402 7058 7068 386 7069 7067 1923 7075 7060 
1 4 4092 17143 2300 6257 
1 3 4092 4358 6128 
1 5 3565 7415 3578 4760 7471 
1 5 1582 3584 2933 1433 5100 
1 7 1582 7081 7091 2848 7132 7153 7169 
1 6 1582 3584 2933 3022 2763 6941 
1 8 4084 5629 5665 5694 1249 4592 23 5914 
1 13 4084 5629 1003 4619 1135 5857 5183 4156 5991 3279 6109 3270 5143 
1 5 4084 5584 5572 3942 5487 
1 8 17758 17749 17743 17741 1760 527 7121 101 
1 7 17758 17749 17743 17741 1760 6878 615 
1 8 17758 17749 17743 17741 1760 2677 3575 4818 
1 3 17758 17761 17764 
1 7 17758 17756 17753 17755 6799 1801 1414 
1 12 17758 17749 17743 17741 1760 2677 4362 392 1217 2182 1201 17562 
1 22 6180 2517 2447 17768 2056 17823 17767 17810 17759 17754 4181 4676 7021 7064 1786 2449 5152 4481 915 2663 4243 1542 
1 5 6180 2517 1875 17850 17849 
1 19 6180 2517 2447 17768 2056 17823 17767 17810 17759 17754 4181 4676 7021 7064 1786 2449 5152 4481 915 
1 13 6180 2517 1875 6552 6609 17834 17827 17820 17816 17804 17799 17796 17790 
1 19 6180 2517 2447 17768 2056 17823 17767 17810 17759 17754 4181 4676 7021 7064 1786 2449 5152 1223 2273 
1 6 6180 2517 2447 17768 2056 6570 
1 7 6883 4209 1609 6781 6801 5176 6815 
1 3 6883 1743 6833 
1 5 4776 17161 17155 1467 17154 
1 5 4776 17166 17169 7290 17172 
1 10 1818 6549 427 6515 3477 2176 1204 3121 4840 6526 
1 7 1818 17404 17405 17407 1497 1156 4942 
1 4 1818 17403 1675 6481 
1 7 2646 3429 5194 406 2149 7481 7489 
1 5 2646 3429 5194 7410 7409 
1 10 2113 8456 3076 8470 3021 8505 563 3355 2474 769 
1 6 2113 1311 2901 3868 1300 8551 
1 8 5764 5818 3881 2479 4316 5795 2622 4410 
1 7 5764 1028 5765 780 3155 1537 5609 
1 5 5764 17353 17350 17354 5771 
1 16 1876 4862 6362 17310 4306 1192 2793 6702 4880 4504 4612 2802 17500 17493 17488 5009 
1 22 1876 4862 6362 17310 4306 1192 2793 6632 6722 6798 1129 544 17499 17484 1113 122 1440 17286 2396 17283 17856 7403 
1 23 1876 4862 6362 17310 4306 1192 2793 6632 6722 6798 1129 544 17499 4347 163 3408 355 7085 17901 17931 17933 7044 7083 
1 19 1876 4862 6362 17310 4306 1192 2793 6632 6722 6798 1129 544 17499 17484 1113 122 1440 17286 1513 
1 6 1876 5159 3486 590 6427 2775 
1 12 1876 5159 6400 2365 3505 2221 2965 17304 17302 6792 4710 6856 
1 20 1876 4862 6362 17310 4306 1192 2793 6632 6722 6798 1129 544 17499 17484 1113 17480 17865 17861 17860 17859 
1 16 1876 17321 17323 17325 1688 6158 6152 3180 17341 1569 5954 2451 5951 4447 4834 17348 
1 22 1876 3199 2334 6347 1045 1329 6448 2803 1930 6558 17308 6513 2613 1422 3016 4713 4766 1197 3938 3709 80 6502 
1 16 1876 3199 2334 6347 1045 1329 6448 2803 1930 6558 6604 1937 3457 2394 4224 6688 
1 18 1876 4862 6362 17310 4306 1192 2793 6702 4880 4504 4612 2802 17500 17493 17487 7045 17288 2936 
1 15 1876 5159 6400 2365 3505 1252 6667 2558 1882 3137 17299 603 2598 4538 7024 
1 7 1876 5159 6400 2365 3505 2221 2965 
1 23 1876 4862 6362 17310 4306 1192 2793 6632 6722 6798 1129 544 17499 4347 163 3408 899 1719 777 17890 17885 17882 17884 
1 3 1876 5159 3486 
1 15 1876 4862 6362 17310 4306 1192 2793 6702 4880 4504 4612 229 17506 17495 2811 
1 18 1876 4862 6362 17310 4306 1192 2793 6632 6722 6798 1129 544 17499 17484 1113 17480 17865 2340 
1 18 1876 4862 6362 17310 4306 1192 2793 6702 4880 4504 4612 2802 17500 17493 17487 7147 2427 7189 
1 14 1876 4862 6362 17310 4306 1192 2793 6632 6722 6798 1129 544 17499 17932 
1 12 1876 5159 6400 2365 3505 2221 2965 6689 4014 4103 1974 6818 
1 13 1876 3199 2334 6347 1045 1329 6448 2803 1930 6558 6604 1937 3457 
1 16 1506 4600 1185 4190 2867 2620 841 6874 6844 3965 1941 1108 1577 335 1387 6615 
1 13 1506 2504 3353 3767 1612 1210 904 1693 3187 5047 1635 3131 6426 
1 13 1506 4600 1185 4190 2867 2620 841 6874 6844 3965 4615 1395 6587 
1 28 1506 4600 1185 4190 2867 2620 841 6874 6844 3965 1941 1108 1577 335 3637 1316 2842 1106 3741 4720 4338 6759 1476 3462 4063 4626 6756 6784 
1 13 1506 4600 1185 4190 4229 1332 6822 1347 6713 2408 6616 4008 4709 
1 16 1506 2504 3353 3767 1612 1210 904 1693 3187 5047 1635 172 425 242 6884 4989 
1 16 2220 6563 2180 2538 3106 182 1056 222 17459 2904 17464 17462 2752 2536 4586 17466 
1 10 2220 6563 2180 2538 3106 182 3989 1564 3450 7037 
1 6 2220 4960 6641 4357 5209 3490 
1 13 2220 4960 3967 1055 1887 1492 4673 2246 6862 1778 4559 6970 4275 
1 9 2220 4232 2724 4109 3595 1208 4489 4034 17473 
1 2 2220 6563 
1 8 2220 6563 2180 2538 3106 182 1021 93 
1 11 2220 6563 552 1171 135 2550 6665 771 17463 3764 6545 
1 8 7623 4340 2490 1499 3510 2310 4351 7559 
1 4 7623 279 7577 4099 
1 8 7122 4126 7123 3010 2181 7120 7115 2083 
1 8 2885 1628 1668 642 2004 396 7521 4590 
1 5 2546 3442 3356 3170 4654 
1 5 2546 2380 284 4655 7345 
1 4 2546 3442 3356 3170 
1 17 329 4682 3260 7446 1740 7482 7502 7493 7466 2548 1988 3248 1848 312 4074 3713 7350 
1 9 329 4682 3260 7446 1740 7482 7502 7493 7466 
1 12 329 4682 3260 7446 1740 7482 7502 3042 1066 4500 7505 7527 
1 13 329 4682 3260 7446 1740 7482 7502 3042 1066 4500 767 5079 7453 
1 10 329 4682 3260 7446 1740 7482 7502 7493 1697 7442 
1 13 329 4682 3260 7446 1740 7482 7502 7493 7466 2548 7412 3351 4381 
1 11 17671 17667 17670 17672 17674 17677 2157 1928 1528 212 17600 
1 7 17671 17668 17673 3918 3209 86 6518 
1 18 17671 17667 17670 17672 17674 17677 2157 1928 230 263 2684 773 1438 3403 837 1394 2203 6172 
1 27 17671 17667 17670 17672 17674 17677 2157 1928 230 263 2684 773 1438 3403 837 1394 358 5965 1498 4467 532 1029 2306 2995 17617 17618 2391 
1 26 17671 17667 17670 17672 17674 17677 2157 1928 230 263 2684 773 1438 3403 837 1394 358 5965 1498 4467 532 1029 1586 6143 2733 17607 
1 8 5301 1009 2436 2205 4923 1483 4843 1578 
1 6 5301 1009 2436 2019 4468 4666 
1 5 5301 1009 2436 2205 4923 
1 32 5301 1009 2436 2205 4923 1483 4843 1578 5366 2118 3705 4222 2673 5395 4364 5448 1051 1098 1753 2791 1057 1714 2007 1120 256 609 99 5312 2186 1304 809 830 
1 9 5301 1009 2436 1922 4662 218 4736 4873 3732 
1 15 5301 1009 2436 2205 4923 1483 4843 1578 5379 2838 962 5431 5447 2609 5443 
1 5 920 3375 3804 6292 6316 
1 11 920 3375 6301 6335 4088 5173 6452 5126 2309 6404 2066 
1 5 920 3136 3233 3838 6468 
1 3 920 3375 6168 
1 14 920 3375 6301 6335 4088 5173 6452 6463 4012 6429 17132 17134 6407 6453 
1 9 920 3375 6301 6335 4088 5173 2710 4990 2562 
1 8 920 3375 6301 1585 4042 2932 3194 6567 
1 5 6951 4251 6960 6935 6904 
1 7 6951 4251 6960 566 2899 7013 3287 
1 13 6951 175 1739 6852 3359 1602 183 3890 6865 1180 3052 5039 3448 
1 15 6951 175 1739 6852 3359 334 1695 1487 17587 2081 6614 3275 3216 2630 6528 
1 14 6951 175 1739 6852 3359 334 1695 1487 6576 2110 1193 3949 3130 6296 
1 5 6951 17557 408 3791 4769 
1 6 3953 6039 100 3333 2415 4800 
1 5 3953 6039 100 3333 2398 
1 5 4849 3607 5651 3760 3517 
1 7 4849 2342 2448 5769 17432 1085 985 
1 2 4849 3607 
1 9 4849 5693 4157 5642 2854 5635 945 1661 4495 
1 5 4849 5791 5845 5876 4910 
1 6 4849 5693 4157 5642 2854 5036 
1 5 4849 5791 5845 2033 1854 
1 5 4849 3607 5651 3760 5544 
1 12 4849 5791 5845 5876 4910 1958 2532 3771 3268 5700 5691 761 
1 8 530 5861 5852 5812 5778 3320 5792 4024 
1 6 530 5923 5952 428 6027 6072 
1 5 4170 1726 3591 6121 3956 
1 3 4170 6198 6201 
1 10 4170 1726 3591 1867 192 1916 3182 3383 4491 4208 
1 4 4170 1726 3591 6173 
1 8 5942 103 1588 4606 1841 5943 5935 1439 
1 7 5942 103 1588 4606 1841 1823 2256 
1 8 5942 103 1588 4606 1841 5943 515 6064 
1 12 5942 103 1588 4606 1841 5943 5935 1439 4567 217 3435 6130 
1 14 5942 1966 1836 5854 3653 3581 2345 10 1400 982 5446 573 1574 2166 
1 8 445 6312 4509 6179 4877 6095 1553 6057 
1 6 445 1965 2476 4356 6300 4175 
1 6 539 1059 6288 2459 3299 6205 
1 2 539 4641 
1 9 2985 4695 2090 2868 2726 3751 4020 1502 4988 
1 8 17726 3229 7116 114 7156 4091 4315 7286 
1 9 17726 3229 7116 7107 17528 227 627 17520 1625 
1 8 17726 17728 17733 4729 7016 2790 1891 7072 
1 9 17726 17731 7042 2227 17539 2248 407 1230 17643 
1 5 17726 1002 4639 2566 17723 
1 5 17726 17728 17727 3212 7131 
1 5 17726 3229 7116 2906 17534 
1 3 17726 1002 7124 
1 2 17726 3229 
1 4 17726 1002 4639 2566 
1 8 17726 17731 7042 17540 6977 17555 17560 6859 
1 4 17726 17728 17733 4729 
1 10 17726 3229 7116 7107 17528 227 627 1043 17516 3621 
1 15 7273 5132 7243 7241 3620 464 4711 1874 687 2229 7130 1310 7165 1190 7183 
1 6 7273 5132 7243 7218 3455 7211 
1 10 2493 770 188 3289 4045 7324 2750 7375 2477 4477 
1 9 2493 770 188 3289 7259 1645 7253 3027 7272 
1 4 871 975 7320 18059 
1 6 18272 4936 2608 1442 7742 4139 
1 6 18272 18302 336 2381 18303 18273 
1 7 2725 1184 5066 5165 1265 8028 8030 
1 5 2725 7947 7937 7971 4986 
1 18 706 2231 3913 2981 1167 442 1018 4305 1832 1095 693 776 127 461 1910 117 1983 57 
1 32 706 2231 3913 2981 1167 442 1018 4305 1832 1095 693 776 127 461 1910 117 1983 1302 2109 160 908 648 4513 1033 4574 1124 1996 1929 2978 1428 119 3530 
1 6 706 1227 4385 1493 14 8731 
1 8 706 2231 3913 2981 1167 442 3762 8504 
1 12 8260 8258 1092 3506 1721 1276 8218 3028 1532 8237 341 8246 
1 14 8260 8258 1092 3506 8244 3576 1805 4359 2728 1886 3752 3512 519 8159 
1 4 8260 8258 1092 3932 
1 9 8260 8258 1092 3506 1721 1276 3196 8202 8195 
1 8 8260 8268 3392 1126 4835 3544 8289 5154 
1 7 8260 8258 1092 3506 8244 4238 1250 
1 13 8260 8258 1092 3506 8244 3576 1805 4359 8214 3208 4602 274 8182 
1 7 18208 18209 339 18229 18241 18248 18263 
1 8 18208 18209 18211 18220 18228 18230 1268 18262 
1 9 18208 18209 339 18233 18260 18251 1589 1406 18264 
1 4 18259 17980 17979 17977 
1 7 18259 17980 18266 18222 18215 18214 18210 
1 5 18259 17980 17979 195 1356 
1 3 18286 18285 17981 
1 6 5781 2297 5798 896 40 5714 
1 5 5781 5848 2914 4177 1755 
1 7 484 5997 213 1575 2714 3278 5813 
1 6 484 2685 1093 1914 456 268 
1 5 484 753 3245 6099 68 
1 2 2931 6376 
1 4 2931 17093 6334 2894 
1 3 2931 6376 3685 
1 13 5347 1765 2487 187 272 2378 5334 1063 2062 2494 1570 1073 276 
1 5 17205 17203 17201 17202 1254 
1 3 17205 17203 17200 
1 5 17205 17203 17201 17202 4664 
1 2 458 18020 
1 13 193 1495 7752 4912 740 2044 4758 7796 65 1183 4291 4856 614 
1 10 4984 6937 2818 6914 6901 1559 4057 4539 480 335 
1 5 2985 4265 6512 1017 3187 
1 4 6426 2108 2881 68 
1 4 4989 1087 4756 6970 
1 4 268 792 1846 830 
1 9 17466 1136 1170 3902 6578 2193 1238 1008 6205 
1 6 3902 383 17465 3646 571 6502 
1 2 6502 4641 
1 9 1170 6776 2194 3818 7027 1068 7062 2852 7083 
1 2 3486 4175 
1 9 1876 6277 6269 728 3352 1333 6083 4680 297 
1 10 1876 6207 3125 17328 17334 17339 5979 17345 5899 3881 
1 16 17348 125 3718 5839 17351 5785 17356 5804 2373 5753 17359 803 5727 5682 2939 5764 
1 5 4988 1138 5202 6240 6234 
1 14 6234 6191 3836 3286 1424 5005 5947 2355 5940 5963 6002 6018 810 6072 
1 10 5812 5760 5726 1630 5696 17188 17193 5569 5438 17200 
1 3 1254 17214 1051 
1 7 3732 5456 5478 5490 5504 3942 5487 
1 7 5781 3114 5675 5660 5592 5573 3942 
1 5 4177 5946 3667 17423 4156 
1 8 5629 5665 4104 5636 5674 5716 1306 945 
1 3 3270 1944 4942 
1 12 6481 6424 6381 6367 5083 6286 6224 4289 6233 6217 2263 3629 
1 10 4800 6202 6155 3341 5190 6078 6123 6169 6209 3629 
1 7 3953 5945 17426 5898 5148 5810 4849 
1 5 2398 6183 2738 6131 1726 
1 2 6376 3068 
1 6 6376 2931 17094 3500 6325 6365 
1 3 17094 17139 6257 
1 2 2894 3233 
1 2 1586 3949 
1 5 17643 3569 17588 17593 17600 
1 6 17671 17667 17662 17656 17644 615 
1 3 6799 17744 1957 
1 5 1957 7022 2656 17772 5152 
1 3 1542 972 4381 
1 15 8504 556 2462 8422 801 2778 5001 3215 906 2101 1782 2475 1658 2603 1250 
1 10 458 2237 446 8229 4530 2145 4233 48 401 4513 
1 6 18133 18130 2191 18125 3691 18121 
1 10 18121 18119 2594 290 1911 18117 1893 7729 7740 193 
1 4 18133 18137 18142 18149 
1 7 17988 18078 17986 18077 18081 18066 18054 
1 6 18059 18061 2209 2740 18078 17988 
1 9 4461 7327 18113 2075 939 18098 372 18168 17988 
1 4 18210 18219 18218 18216 
1 4 18216 18217 18213 18208 
1 4 18216 18226 18231 18236 
1 4 18278 7608 5012 18273 
1 7 18278 18279 18277 4771 18280 18282 18283 
1 2 18283 17981 
1 4 17975 17976 18258 17977 
1 2 17975 18257 
1 8 18272 1341 2206 7809 1917 7848 7882 7895 
1 4 2725 17970 4213 18271 
1 6 18271 18301 7825 3485 570 4139 
1 13 8731 1040 8672 1289 1899 1593 8651 1323 1541 8594 4102 4550 769 