1 268
1 5813 
1 68
1 276

# Auto-generated Supply Nodes (VP > 4, Non-Coastal)
1 57
1 614
1 615
1 769
1 830
1 915
1 985
1 1250
1 1254
1 1439
1 1513
1 1625
1 1854
1 1876
1 2220
1 2340
1 2391
1 2398
1 2894
1 2931
1 2936
1 3229
1 3395
1 3457
1 3517
1 3530
1 3565
1 3607
1 3621
1 3685
1 3956
1 4139
1 4495
1 4641
1 4664
1 4729
1 4769
1 4818
1 4849
1 4910
1 5009
1 5036
1 5443
1 5714
1 5771
1 5781
1 5914
1 6172
1 6376
1 6426
1 6502
1 6545
1 6563
1 6570
1 6688
1 6856
1 6859
1 6883
1 6904
1 7211
1 7345
1 7403
1 7466
1 7527
1 8504
1 8551
1 16237
1 17200
1 17205
1 17466
1 17473
1 17534
1 17562
1 17600
1 17643
1 17884
1 17932
1 17977
1 17988
1 18020
1 18059
1 18121
1 18133
1 18149
1 18208
1 18210
1 18216
1 18262
1 18272
1 18286
