2;3376.00;10.80;1894.00;big
2;3302.00;10.50;1907.00;big
3;3375.00;10.80;1785.00;big
3;3351.00;11.60;1839.00;big
4;3656.00;13.95;1978.00;big
4;3589.00;12.50;1919.00;big
5;3518.00;10.53;1765.00;big
5;3459.00;10.60;1780.00;big
6;3775.00;14.05;1942.00;big
6;3897.00;12.53;1961.00;big
7;4108.00;10.55;1976.00;big
7;4068.00;14.60;1795.00;big
8;4419.00;9.50;1798.00;big
8;4500.00;12.30;1892.00;big
9;4740.00;12.75;1955.00;big
9;5049.00;10.20;1980.00;big
10;4600.00;13.55;1625.00;big
10;4415.00;10.40;1640.00;big
11;5236.00;10.50;1661.00;big
11;5190.00;11.98;1713.00;big
12;5142.00;11.15;1607.00;big
12;5177.00;10.28;1572.00;big
13;5022.00;17.33;1587.00;big
13;4869.00;14.25;1568.00;big
14;4959.00;13.70;1446.00;big
14;4827.00;11.90;1393.00;big
15;4513.00;10.18;1385.00;big
15;4371.00;11.53;1419.00;big
16;4594.00;10.53;1355.00;big
16;4638.00;10.75;1362.00;big
17;4769.00;12.75;1332.00;big
17;4705.00;10.40;1245.00;big
18;4968.00;10.55;1216.00;big
18;4885.00;12.90;1234.00;big
19;4834.00;11.78;1181.00;big
19;4906.00;10.45;1157.00;big
20;4571.00;10.23;1518.00;big
20;4441.00;12.85;1509.00;big
21;4730.00;12.48;1634.00;big
21;4704.00;10.60;1506.00;big
22;3570.00;13.93;1713.00;big
22;3648.00;12.60;1741.00;big
23;3275.00;10.50;1766.00;big
23;3250.00;11.05;1738.00;big
24;3112.00;11.10;1803.00;big
24;3038.00;11.18;1789.00;big
25;3205.00;10.90;1809.00;big
25;3186.00;12.18;1712.00;big
26;3764.00;10.60;1830.00;big
26;3674.00;13.25;1864.00;big
27;4556.00;9.50;1731.00;big
27;4444.00;9.50;1730.00;big
28;4628.00;9.50;1829.00;big
28;4739.00;9.50;1842.00;big
29;4688.00;9.50;1704.00;big
29;4804.00;9.50;1747.00;big
30;4860.00;9.50;1807.00;big
30;4926.00;9.50;1846.00;big
31;4613.00;9.50;2039.00;big
31;4746.00;9.50;2030.00;big
32;4993.00;9.50;2020.00;big
32;5223.00;9.50;2021.00;big
33;5161.00;9.50;1967.00;big
33;5060.00;9.50;1955.00;big
34;5040.00;10.30;1860.00;big
34;5146.00;9.50;1879.00;big
35;5270.00;9.50;1902.00;big
35;5390.00;9.50;1901.00;big
36;5545.00;9.50;2003.00;big
36;5535.00;9.50;1882.00;big
37;5242.00;9.50;1602.00;big
37;5319.00;9.50;1639.00;big
38;5354.00;10.28;1762.00;big
38;5250.00;9.50;1780.00;big
39;5309.00;10.10;1518.00;big
39;5397.00;10.35;1617.00;big
40;5212.00;9.50;1374.00;big
40;5250.00;10.23;1422.00;big
41;5097.00;9.50;1410.00;big
41;5051.00;9.50;1324.00;big
42;4996.00;9.50;1267.00;big
42;5040.00;9.50;1200.00;big
43;5443.00;9.50;1734.00;big
43;5549.00;9.50;1656.00;big
44;5171.00;10.20;1253.00;big
44;5094.00;10.20;1297.00;big
45;5517.00;9.50;1213.00;big
45;5491.00;9.50;1477.00;big
46;5323.00;9.50;1203.00;big
46;5318.00;9.50;1334.00;big
47;5500.00;9.50;783.00;big
47;5512.00;9.50;968.00;big
48;5257.00;9.50;1074.00;big
48;5368.00;9.50;985.00;big
49;5260.00;9.50;908.00;big
49;5381.00;10.20;736.00;big
50;4987.00;9.50;1059.00;big
50;4867.00;9.50;1118.00;big
51;4693.00;9.50;1435.00;big
51;4612.00;9.50;1404.00;big
52;4418.00;9.50;1453.00;big
52;4530.00;9.50;1450.00;big
53;4253.00;9.50;1293.00;big
53;4370.00;10.50;1243.00;big
54;4433.00;9.50;1089.00;big
54;4566.00;10.40;1137.00;big
55;4854.00;10.35;926.00;big
55;4683.00;9.50;965.00;big
56;4841.00;9.50;1003.00;big
56;4748.00;9.50;1050.00;big
57;5094.00;9.50;950.00;big
57;5139.00;10.35;1083.00;big
58;4655.00;9.50;1190.00;big
58;4754.00;9.50;1140.00;big
59;4942.00;9.50;843.00;big
59;4957.00;9.50;944.00;big
60;4758.00;9.50;742.00;big
60;4625.00;9.50;536.00;big
61;5025.00;9.50;673.00;big
61;5209.00;9.50;721.00;big
62;4185.00;9.50;413.00;big
62;4392.00;9.50;392.00;big
63;4501.00;9.50;1315.00;big
63;4631.00;9.50;1261.00;big
64;3625.00;9.50;1630.00;big
64;3532.00;9.50;1621.00;big
65;3413.00;9.50;1627.00;big
65;3314.00;9.50;1652.00;big
66;3350.00;9.50;1721.00;big
66;3461.00;9.50;1718.00;big
67;3025.00;11.20;1579.00;big
67;3102.00;10.40;1607.00;big
68;2776.00;10.50;1457.00;big
68;2921.00;9.50;1456.00;big
69;3528.00;9.50;2004.00;big
69;3384.00;9.50;1956.00;big
70;3144.00;9.50;1884.00;big
70;3234.00;9.50;1890.00;big
71;2950.00;9.50;2020.00;big
71;3237.00;9.50;2011.00;big
72;1929.00;9.50;1560.00;big
72;1884.00;9.50;1629.00;big
73;1782.00;9.50;1676.00;big
73;1800.00;9.50;1570.00;big
74;2105.00;9.50;1228.00;big
74;2230.00;9.50;1252.00;big
75;2074.00;9.50;1332.00;big
75;1960.00;9.50;1306.00;big
76;2355.00;9.50;1151.00;big
76;2330.00;9.50;1249.00;big
77;2466.00;9.50;1419.00;big
77;2352.00;9.50;1363.00;big
78;2051.00;9.50;736.00;big
78;1880.00;9.50;732.00;big
79;2096.00;9.50;446.00;big
79;1912.00;9.50;438.00;big
80;1789.00;9.50;1094.00;big
80;1896.00;9.50;899.00;big
81;2427.00;9.50;123.00;big
81;2716.00;9.50;71.00;big
82;3550.00;9.50;78.00;big
82;3102.00;9.50;79.00;big
83;3193.00;10.45;61.00;big
83;3066.00;10.30;81.00;big
84;3189.00;9.50;1472.00;big
84;3072.00;9.50;1466.00;big
85;3274.00;9.50;1525.00;big
85;3376.00;9.50;1518.00;big
86;2872.00;9.50;1360.00;big
86;2734.00;9.50;1382.00;big
87;3020.00;10.30;1503.00;big
87;2929.00;9.50;1547.00;big
88;3149.00;10.20;1343.00;big
88;3323.00;10.20;1391.00;big
89;3017.00;9.50;675.00;big
89;2908.00;9.50;555.00;big
90;3690.00;9.50;1187.00;big
90;3734.00;9.50;1032.00;big
91;3882.00;10.13;914.00;big
91;4057.00;10.30;856.00;big
92;4172.00;9.50;1454.00;big
92;4283.00;9.50;1465.00;big
93;4385.00;9.50;1349.00;big
93;4295.00;9.50;1388.00;big
94;4218.00;9.50;756.00;big
94;4436.00;9.50;749.00;big
95;4358.00;9.50;956.00;big
95;4151.00;9.50;976.00;big
96;4164.00;9.50;1173.00;big
96;3932.00;9.50;1096.00;big
97;2709.00;10.20;1621.00;big
97;2662.00;10.20;1573.00;big
98;2700.00;9.50;1467.00;big
98;2585.00;9.50;1440.00;big
99;2783.00;10.20;1555.00;big
99;2850.00;9.50;1542.00;big
100;2937.00;9.50;1654.00;big
100;2844.00;9.50;1675.00;big
101;2803.00;10.23;1696.00;big
101;2859.00;9.50;1763.00;big
102;2903.00;9.50;855.00;big
102;3023.00;9.50;826.00;big
103;3220.00;9.50;1057.00;big
103;3325.00;9.50;1226.00;big
104;3129.00;9.50;1210.00;big
104;2985.00;9.50;1258.00;big
105;3428.00;9.50;1300.00;big
105;3588.00;9.50;1288.00;big
106;3581.00;9.50;1439.00;big
106;3446.00;9.50;1462.00;big
107;3786.00;9.50;1397.00;big
107;3966.00;9.50;1416.00;big
108;3774.00;9.50;713.00;big
108;3622.00;9.50;972.00;big
109;2012.00;9.50;1934.00;big
109;2248.00;9.50;1920.00;big
110;3695.00;9.50;490.00;big
110;3926.00;9.50;470.00;big
111;3399.00;9.50;653.00;big
111;3505.00;9.50;567.00;big
112;3474.00;9.50;907.00;big
112;3329.00;9.50;823.00;big
113;3190.00;9.50;757.00;big
113;3168.00;9.50;891.00;big
114;1637.00;10.28;1733.00;big
114;1637.00;9.50;1662.00;big
115;1592.00;10.20;1573.00;big
115;1496.00;10.18;1615.00;big
116;1647.00;9.50;1269.00;big
116;1762.00;9.50;1244.00;big
117;1675.00;9.50;1408.00;big
117;1620.00;9.50;1492.00;big
118;1764.00;9.50;1373.00;big
118;1647.00;9.50;1356.00;big
119;1489.00;11.00;1514.00;big
119;1588.00;10.30;1445.00;big
120;1982.00;9.50;125.00;big
120;2170.00;9.50;213.00;big
121;1328.00;9.50;194.00;big
121;1659.00;9.50;181.00;big
122;1050.00;9.50;235.00;big
122;716.00;9.50;133.00;big
123;1642.00;9.50;666.00;big
123;1304.00;9.50;586.00;big
124;237.00;9.50;1618.00;big
124;182.00;9.50;1301.00;big
125;1553.00;9.50;1742.00;big
125;1417.00;9.50;1755.00;big
126;1186.00;9.50;1530.00;big
126;1376.00;9.50;1573.00;big
127;1256.00;9.50;1706.00;big
127;1088.00;9.50;1697.00;big
128;1611.00;9.50;1812.00;big
128;1493.00;10.20;1884.00;big
129;1102.00;10.45;1871.00;big
129;1277.00;9.50;1878.00;big
130;264.00;9.50;1921.00;big
130;836.00;9.50;1962.00;big
131;1009.00;9.50;1915.00;big
131;1199.00;10.35;2013.00;big
132;802.00;9.50;1556.00;big
132;898.00;9.50;1732.00;big
133;530.00;9.50;1498.00;big
133;457.00;9.50;1242.00;big
134;1531.00;9.50;1379.00;big
134;1360.00;9.50;1379.00;big
135;1653.00;9.50;932.00;big
135;1595.00;10.50;1179.00;big
136;677.00;9.50;1267.00;big
136;779.00;9.50;1373.00;big
137;1002.00;9.50;1268.00;big
137;1201.00;9.50;1291.00;big
138;1151.00;9.50;895.00;big
138;1471.00;9.50;1038.00;big
139;1763.00;9.50;1973.00;big
139;1958.00;9.50;2010.00;big
140;1346.00;9.50;1998.00;big
140;1583.00;9.50;1945.00;big
141;2885.00;9.50;1918.00;big
141;3002.00;9.50;1872.00;big
142;2634.00;9.50;2039.00;big
142;2792.00;9.50;2024.00;big
143;2747.00;9.50;1905.00;big
143;2814.00;9.50;1825.00;big
144;2130.00;9.50;2038.00;big
144;2335.00;9.50;2022.00;big
145;2425.00;9.50;1925.00;big
145;2585.00;9.50;1913.00;big
146;3940.00;9.50;153.00;big
146;4321.00;9.50;168.00;big
147;5128.00;9.50;215.00;big
147;4747.00;9.50;204.00;big
148;5358.00;9.50;295.00;big
148;5460.00;9.50;120.00;big
149;5518.00;9.50;442.00;big
149;5525.00;9.50;566.00;big
150;5391.00;9.50;546.00;big
150;5224.00;9.50;430.00;big
151;145.00;9.50;641.00;big
151;172.00;9.50;384.00;big
152;153.00;9.50;95.00;big
152;372.00;9.50;281.00;big
153;109.00;9.50;898.00;big
153;368.00;9.50;871.00;big
154;713.00;9.50;1055.00;big
154;722.00;9.50;836.00;big
155;814.00;9.50;545.00;big
155;445.00;9.50;569.00;big
156;3703.00;10.98;1659.00;big
156;3774.00;13.80;1733.00;big
157;1774.00;11.55;1470.00;big
157;1715.00;10.82;1515.00;big
158;1735.00;12.40;1613.00;big
158;1698.00;11.00;1638.00;big
159;1913.00;10.40;1528.00;big
159;1839.00;10.57;1545.00;big
160;1990.00;10.50;1569.00;big
160;1934.00;10.60;1582.00;big
161;2883.00;10.70;1583.00;big
161;2902.00;11.10;1614.00;big
162;3140.00;10.90;690.00;big
162;3052.00;10.20;638.00;big
163;3264.00;11.60;677.00;big
163;3247.00;12.85;580.00;big
164;2934.00;11.20;469.00;big
164;3008.00;11.10;524.00;big
165;3133.00;10.88;558.00;big
165;3119.00;14.98;482.00;big
166;3380.00;11.60;482.00;big
166;3260.00;10.40;482.00;big
167;2832.00;11.25;1651.00;big
167;2854.00;11.20;1615.00;big
168;2777.00;10.65;1655.00;big
168;2793.00;11.40;1626.00;big
169;2965.00;10.28;1625.00;big
169;2931.00;10.60;1624.00;big
170;3114.00;11.20;1675.00;big
170;3041.00;10.80;1676.00;big
171;2948.00;10.60;1677.00;big
171;2893.00;13.93;1708.00;big
172;2985.00;13.78;1735.00;big
172;2944.00;13.15;1792.00;big
173;1871.00;10.75;1698.00;big
173;1813.00;10.60;1718.00;big
174;2470.00;11.30;2016.00;big
174;2708.00;10.90;1964.00;big
175;2021.00;10.18;1990.00;big
175;2258.00;10.10;1990.00;big
176;1739.00;11.60;1819.00;big
176;1869.00;13.70;1825.00;big
177;1707.00;10.30;1728.00;big
177;1753.00;11.35;1697.00;big
178;2364.00;10.50;1472.00;big
178;2313.00;10.80;1448.00;big
179;2226.00;13.95;1428.00;big
179;2295.00;11.90;1482.00;big
180;2586.00;10.20;1527.00;big
180;2449.00;10.90;1498.00;big
181;2515.00;11.45;1582.00;big
181;2583.00;10.20;1582.00;big
182;2686.00;12.90;1695.00;big
182;2780.00;17.13;1762.00;big
183;2311.00;11.20;1800.00;big
183;2453.00;11.80;1751.00;big
184;2559.00;12.15;1694.00;big
184;2610.00;10.50;1640.00;big
185;2404.00;11.50;1606.00;big
185;2217.00;13.43;1641.00;big
186;2114.00;13.40;1771.00;big
186;2005.00;14.03;1799.00;big
187;1888.00;10.20;1390.00;big
187;1865.00;11.15;1480.00;big
188;2164.00;10.20;1354.00;big
188;2224.00;10.70;1347.00;big
189;4892.00;12.80;1705.00;big
189;4980.00;10.30;1772.00;big
190;4100.00;11.85;1519.00;big
190;4285.00;12.00;1550.00;big
191;4234.00;15.20;1667.00;big
191;4354.00;11.53;1707.00;big
192;1813.00;14.03;1172.00;big
192;1858.00;10.57;1108.00;big
193;1912.00;10.30;1240.00;big
193;1824.00;12.45;1302.00;big
194;1984.00;11.40;1181.00;big
194;2042.00;11.05;1252.00;big
195;3961.00;13.43;1782.00;big
195;3883.00;12.80;1709.00;big
196;4127.00;13.13;1613.00;big
196;4050.00;19.10;1678.00;big
197;2102.00;11.50;818.00;big
197;1959.00;10.57;909.00;big
198;2041.00;12.78;963.00;big
198;1969.00;16.40;1073.00;big
199;2571.00;16.60;844.00;big
199;2472.00;12.15;860.00;big
200;2172.00;13.70;673.00;big
200;2170.00;11.40;567.00;big
201;2310.00;11.80;647.00;big
201;2309.00;12.35;776.00;big
202;2213.00;12.98;1039.00;big
202;2147.00;11.82;1153.00;big
203;2433.00;13.40;927.00;big
203;2309.00;14.15;904.00;big
204;2438.00;10.60;1031.00;big
204;2366.00;11.10;1105.00;big
205;2220.00;13.73;824.00;big
205;2179.00;11.00;920.00;big
206;2469.00;10.20;1114.00;big
206;2421.00;10.70;1144.00;big
207;2396.00;10.20;1239.00;big
207;2468.00;11.63;1191.00;big
208;2473.00;10.70;1328.00;big
208;2562.00;10.60;1360.00;big
209;2775.00;10.20;1309.00;big
209;2668.00;10.50;1294.00;big
210;3138.00;10.68;945.00;big
210;3074.00;12.13;925.00;big
211;2639.00;10.85;1052.00;big
211;2527.00;10.40;1060.00;big
212;2517.00;15.00;967.00;big
212;2623.00;11.73;946.00;big
213;2871.00;10.90;1067.00;big
213;2743.00;10.48;1122.00;big
214;2760.00;11.15;967.00;big
214;2849.00;10.30;939.00;big
215;2826.00;11.07;843.00;big
215;2701.00;10.70;877.00;big
216;3589.00;14.60;142.00;big
216;3730.00;11.82;200.00;big
217;3584.00;10.80;258.00;big
217;3725.00;11.50;340.00;big
218;3613.00;11.60;420.00;big
218;3472.00;12.10;347.00;big
219;3799.00;11.20;411.00;big
219;3926.00;11.50;311.00;big
220;4306.00;10.60;279.00;big
220;4117.00;10.85;322.00;big
221;3443.00;12.93;161.00;big
221;3332.00;12.40;211.00;big
222;3230.00;12.20;347.00;big
222;2991.00;10.95;363.00;big
223;3157.00;11.90;184.00;big
223;2929.00;10.90;188.00;big
224;2606.00;13.13;597.00;big
224;2720.00;12.73;756.00;big
225;2614.00;13.43;449.00;big
225;2813.00;12.93;441.00;big
226;2175.00;10.93;475.00;big
226;2192.00;10.80;373.00;big
227;2545.00;13.03;714.00;big
227;2446.00;12.13;696.00;big
228;3387.00;11.32;1563.00;big
228;3271.00;10.25;1538.00;big
229;3312.00;10.28;1466.00;big
229;3430.00;10.57;1498.00;big
230;3220.00;11.25;1625.00;big
230;3300.00;11.10;1605.00;big
231;3566.00;11.25;1542.00;big
231;3488.00;11.10;1539.00;big
232;3653.00;12.35;1556.00;big
232;3718.00;10.48;1458.00;big
233;2999.00;10.80;1134.00;big
233;3017.00;10.43;1174.00;big
234;2927.00;11.00;698.00;big
234;2865.00;12.00;768.00;big
235;2766.00;11.43;558.00;big
235;2858.00;12.20;598.00;big
236;3979.00;11.40;1586.00;big
236;3863.00;11.80;1542.00;big
237;5039.00;10.40;1149.00;big
237;4972.00;11.30;1137.00;big
238;2316.00;12.73;434.00;big
238;2425.00;12.80;501.00;big
239;2295.00;10.90;288.00;big
239;2467.00;13.00;274.00;big
240;2592.00;12.78;209.00;big
240;2733.00;11.82;176.00;big
241;3330.00;10.30;1778.00;big
241;3292.00;10.82;1814.00;big
242;3595.00;10.85;1833.00;big
242;3514.00;10.15;1823.00;big
243;3493.00;11.40;1913.00;big
243;3438.00;13.75;1846.00;big
244;4947.00;11.80;1639.00;big
244;4978.00;12.43;1682.00;big
245;4459.00;12.65;1994.00;big
245;4316.00;12.40;1898.00;big
246;5063.00;14.00;1664.00;big
246;5125.00;12.10;1646.00;big
247;5123.00;14.35;1522.00;big
247;5174.00;10.88;1494.00;big
248;5161.00;10.60;1788.00;big
248;5096.00;12.25;1739.00;big
249;4722.00;10.60;1394.00;big
249;4684.00;10.60;1301.00;big
250;5073.00;11.60;1446.00;big
250;5086.00;11.25;1472.00;big
251;5020.00;11.90;1449.00;big
251;5025.00;11.75;1401.00;big
252;4895.00;12.78;1295.00;big
252;4960.00;11.15;1322.00;big
253;2693.00;10.30;1801.00;big
253;2598.00;10.85;1796.00;big
254;2197.00;13.60;1456.00;big
254;2141.00;10.90;1405.00;big
255;2165.00;12.60;1565.00;big
255;2297.00;10.60;1527.00;big
256;2019.00;10.85;1429.00;big
256;2127.00;11.43;1497.00;big
257;2034.00;10.95;1620.00;big
257;1957.00;11.20;1652.00;big
258;2298.00;10.60;1414.00;big
258;2271.00;11.10;1399.00;big
259;1735.00;11.75;1573.00;big
259;1671.00;10.57;1571.00;big
262;2605.00;12.13;1165.00;big
262;2630.00;11.10;1184.00;big
263;2601.00;11.50;1212.00;big
263;2547.00;12.82;1292.00;big
264;2574.00;12.03;1151.00;big
264;2545.00;11.30;1178.00;big
265;2633.00;16.25;1141.00;big
265;2669.00;11.07;1197.00;big
266;2936.00;10.50;1222.00;big
266;2971.00;10.35;1165.00;big
267;2911.00;10.80;1174.00;big
267;2943.00;10.50;1138.00;big
268;2874.00;10.50;1199.00;big
268;2821.00;10.45;1239.00;big
269;3127.00;10.70;1036.00;big
269;3115.00;10.75;992.00;big
270;3053.00;10.70;1056.00;big
270;3097.00;10.10;1119.00;big
271;2961.00;11.00;1023.00;big
271;3018.00;10.40;985.00;big
272;2994.00;11.10;922.00;big
272;2921.00;11.65;930.00;big
